1000
(61772.086131,28582.5921993)
(-25410.3645404,-29774.9211788)
(-15306.8792966,47220.4809703)
(-2086.10428321,-22226.8700975)
(12930.8548177,15083.4288658)
(33689.920736,-3726.96095532)
(-29525.9649002,-43345.5049024)
(-53763.6775351,55651.0059735)
(16512.9473235,-12460.5417828)
(-3887.68366019,-34904.2776199)
(43051.6130738,22373.7534488)
(-12459.1776287,21733.1661283)
(-26306.5287116,-64920.4812003)
(-10942.8204384,-14818.8456058)
(-43781.7786667,-63070.7827599)
(58328.9597957,-52768.3827572)
(40912.2511499,60603.6355007)
(33672.2002714,30752.1876462)
(32991.1984696,-30784.6891204)
(59156.6322807,15501.7609351)
(48134.0460765,-7845.00874928)
(41207.6667677,55721.777073)
(-63936.1760753,-48132.3823763)
(42890.1754419,-9794.10878902)
(44632.2356154,44273.3495504)
(-36941.6607246,43068.2750655)
(49821.2607686,59090.1331159)
(38586.8774115,-45996.0534879)
(-7863.18635722,43333.5540596)
(61969.9920961,-60.4606452443)
(31540.1136622,13847.6897542)
(-16265.109917,15544.1119752)
(-37237.5029565,-45620.5937973)
(51335.2728302,-36925.3370876)
(64870.8584767,18918.4564378)
(7765.23608805,-47851.3997899)
(-49531.4000536,-7030.94152255)
(46758.2063578,40982.0730151)
(23082.1331054,-41884.2455739)
(18597.400259,34853.7304695)
(-39076.8328759,3323.32134473)
(63508.0401416,46641.7519424)
(56095.2176729,-34731.4824547)
(-38612.3929119,-19469.1325757)
(-299.338968828,27090.9241423)
(-31662.2425655,29239.8696432)
(-7874.171508,-58222.1033582)
(-56157.3651429,34478.8063528)
(62291.6436144,46812.8652348)
(-3318.7633597,-23195.4371582)
(57322.8211617,-61613.1802818)
(-61167.5785295,-65493.4042013)
(-59258.4525525,-327.865236931)
(-57164.541633,4170.85606981)
(15561.7858828,4879.78910855)
(-59197.3364123,18177.4458619)
(-14353.0670545,-32280.8217312)
(41003.7743166,20533.9105074)
(8653.96095054,6515.80414209)
(-37276.6371489,14795.9351796)
(55455.5603767,26651.7113813)
(24663.9322983,35685.7391476)
(-62496.5853754,-1478.87467644)
(-29127.9461934,-42080.3999536)
(1506.88315918,61320.2833347)
(-8233.54748584,-55062.4925151)
(15241.222462,-49180.0117515)
(19159.5269092,32448.5974149)
(-24958.2361427,12448.2305236)
(24238.7575545,59626.8793837)
(-60881.3299243,-40914.2148307)
(60982.4916379,-40870.4419336)
(13015.9516943,-61206.6122651)
(-40417.8182706,64865.1163276)
(62428.7744995,27163.6782732)
(32087.6431657,1964.62046461)
(-12630.564766,37627.630911)
(42611.6874061,-49616.9545636)
(-12594.5132078,12783.7093029)
(-14957.8930558,37781.4424996)
(-45875.976714,-1871.03359252)
(51976.8683187,17951.406398)
(58846.8134357,26517.4579996)
(12628.6701125,30298.1071065)
(-4929.85261435,27674.670546)
(-62837.4543778,-52009.1139455)
(-40522.832591,49410.1992638)
(33578.9494569,3916.92710476)
(-40060.0333215,41708.8626007)
(-36648.9295938,27212.3001059)
(-48403.796737,62784.3994583)
(44307.6811008,54828.4556856)
(-23279.099268,-16886.739038)
(13557.4232176,21905.4398922)
(-39441.1888099,44396.2674753)
(-8861.90847323,-89.6500065467)
(-14862.5753068,39082.5235465)
(-7516.8484123,38426.0842668)
(-11659.8970847,50939.3598224)
(-64849.8127188,-21678.9496068)
(50444.7220266,25729.6656778)
(55001.6618422,-7441.23236807)
(-21144.0328896,-34613.5581788)
(-2185.39948551,-10759.1820262)
(-25277.0453945,-4037.7874775)
(-47445.3933964,-52062.3009308)
(-8052.69601251,58664.0056373)
(60567.6447725,-2326.02639603)
(44552.8190872,-34357.6226823)
(-25969.6706939,-59612.3194059)
(-23709.1110579,36302.5183623)
(-9282.52286765,2631.93028754)
(34148.4622849,34799.912337)
(39930.6105617,-10107.2256361)
(-37458.6890648,39011.9788285)
(-23363.6474259,49665.6568172)
(-6904.96283222,12090.3309034)
(16279.7781495,-30001.7262995)
(-33516.7822455,12117.267634)
(-54351.5542129,-56584.6987823)
(-3358.71764439,63036.047304)
(-63084.8653411,47850.8658866)
(-12453.468449,-6575.59339503)
(-45711.3963407,-32574.8826216)
(23118.0249143,61781.9265105)
(-49380.7404457,-29815.3391489)
(-13281.8799469,-33395.4927359)
(45479.9971946,19045.4839758)
(28472.0078602,50231.7816491)
(-21807.7414054,58959.2439263)
(4154.11088557,34370.3738492)
(-47000.2408826,-27950.3808258)
(-9725.03841708,8469.04347542)
(5840.66625005,-7632.64141768)
(55349.8970353,-3796.91761591)
(-48721.2009007,-10922.2255035)
(43054.3093082,24924.5480381)
(-30089.2088796,-19260.7021025)
(37210.920714,-49317.3004321)
(-44268.008924,9526.97755605)
(-6012.30820514,1475.58999321)
(-26630.3915614,-30036.5977102)
(45374.7387191,3698.71632812)
(46786.1478568,60483.1155373)
(38023.3872473,52107.9603193)
(56488.5066454,-54492.9688974)
(-45702.778858,-45890.2699074)
(32004.0502222,-46621.2950863)
(56199.6500397,-3151.40742044)
(-7793.21618866,-2926.33780747)
(-12203.0326811,-19222.8699991)
(-54449.4137179,-59003.8272473)
(-43957.8084761,-33994.9155982)
(-13959.844412,53454.5005916)
(14173.1242452,33934.8238934)
(16860.6432609,-58558.5965116)
(-8326.52175129,-35384.2181658)
(-38126.4164312,7178.69055429)
(35725.0315422,-31724.9877217)
(39797.0084054,-58200.6787804)
(-15346.8149459,62610.0907202)
(-27421.9229705,27709.8335857)
(21177.5611725,-32045.5280958)
(12580.8408664,-48803.1981987)
(45172.0160399,56737.5139337)
(41805.5082495,-34658.7959875)
(33469.1036369,62061.0882086)
(360.306836373,-15780.8934721)
(57517.8975411,-12157.5666672)
(-17263.524576,-30282.8424579)
(26557.1043622,30205.2659847)
(9493.42248817,38695.5609001)
(-2708.56986725,-47732.2423906)
(-17503.4749467,-17555.8674894)
(64970.6475934,-15456.7091016)
(-16064.4260168,-63088.3173652)
(-49495.8899724,53928.175328)
(27493.0207759,-61228.8471068)
(-49537.4486231,30568.8603468)
(9572.59759404,18283.0166314)
(45694.1829872,34717.6066694)
(-15214.0658402,-23429.8028401)
(18299.098533,41027.9006977)
(-7867.04209604,-16428.8147245)
(-45447.7464114,-2878.85127238)
(20313.8693627,63437.5295478)
(-64011.5395949,-5852.88611728)
(-29865.4847014,41514.3572588)
(44953.7986392,17540.4136253)
(-49352.1692527,-6740.8131431)
(52363.6512401,26440.806005)
(44841.8034248,-10639.0886672)
(2880.34129548,18144.2134308)
(-5443.81906238,-21953.7293113)
(-30379.6813514,37160.8789602)
(-63672.9603972,-30908.7058123)
(42407.2047553,51702.9609301)
(55944.8211717,31644.6829813)
(-30494.6661987,-54280.8249626)
(-40225.9101005,-38219.7236021)
(-14701.4194544,28847.0820575)
(-1219.50444337,56069.7279707)
(-32573.3054588,12020.2880037)
(19386.8149589,51309.8487805)
(33267.1740231,-4913.08553829)
(54440.9346406,19393.9498582)
(16900.0859589,14309.9520447)
(-40716.1630851,27291.0876843)
(30286.5725033,-33127.2396678)
(14609.6302659,58898.6274944)
(50057.6121266,29372.2808914)
(-7206.12761972,62019.3736206)
(-64870.328515,12960.4081641)
(-22112.2703547,-21323.8953723)
(-35559.4725065,-41478.1214682)
(21110.2196187,-4066.12536702)
(50082.7109733,-33812.365204)
(-49801.9189344,36789.8370665)
(-3226.32212968,45437.2191757)
(-38610.6151074,41498.2909308)
(26837.6130625,1826.09811048)
(39689.6172978,-57897.6095099)
(-59853.7316526,-27125.7047097)
(42354.4551837,30891.4556492)
(51067.1916452,49400.3647657)
(1753.31820975,-43046.2060253)
(54258.3455213,2441.36945082)
(-18719.4901121,30415.9825855)
(-57913.606086,-18262.7880567)
(10981.3276576,15041.4439086)
(-7962.36662022,-12989.9487029)
(-10386.9376502,7817.70924424)
(48841.206293,34925.4169586)
(54400.7176636,-22435.9368292)
(-62606.8592022,-11847.2371757)
(-1076.98429175,-53048.7021301)
(-54468.1083833,-8419.40108055)
(10951.7650836,31708.1322787)
(48735.9746911,53703.0241273)
(42821.1592645,-59532.2026748)
(-29204.1624407,-31270.0383808)
(-53386.8063785,-18035.2451214)
(19712.7947312,64844.0544114)
(-38079.4706427,63467.8186942)
(-30735.8645049,-55648.5046576)
(-46640.3352975,-61273.4605122)
(38222.6477011,54483.1757901)
(8428.8694487,-38207.9771521)
(-58191.7244873,-44676.7578439)
(20857.2277575,-25532.8516113)
(-53791.7675412,41881.8225459)
(-59568.7455687,21116.113808)
(30470.3882715,-7431.30531273)
(5627.19876252,-18459.5741632)
(-12487.8854927,-60692.9708303)
(11815.8956186,-57739.2058368)
(7967.77058084,-13070.2970552)
(22294.2529648,47574.1608682)
(13694.2134953,-41752.4901431)
(6386.91349047,9723.13004261)
(-11990.5532284,41998.6013445)
(-21338.0139243,-40311.2665283)
(64980.1863659,30863.8078225)
(-6492.83901347,-54727.6790249)
(-29927.8624487,-33550.7427396)
(58918.6524157,-52765.9359429)
(-56150.7530657,-41964.7140823)
(-12463.3865796,62219.3565541)
(-45941.6185486,-8071.36647637)
(35250.1182933,-1682.84751987)
(-29378.6500704,-13419.0209854)
(7366.44989706,51443.7908813)
(-20972.5981551,-27296.7972704)
(3532.97856378,34902.3016971)
(38399.9072276,-10515.3980509)
(-65194.4856794,44073.9698544)
(2754.30885219,-52858.5147698)
(-13133.2188422,31378.9108265)
(40555.3855926,53744.8932447)
(-20257.6089875,-57492.8090639)
(-15880.9265432,26876.9929312)
(-46009.1521111,26705.2476244)
(-34591.0975167,-3274.93697158)
(-62532.7893254,31960.9912826)
(-45427.1393551,50390.4526921)
(-46448.9502811,-50154.5457538)
(22725.582666,46278.846203)
(13467.5894858,-60265.2876334)
(-18241.0200081,-63245.262332)
(49466.1611537,1166.46163771)
(-42026.6943287,-51829.1641357)
(-50083.4191484,26153.7775832)
(-64479.176611,40623.7430986)
(263.013952906,-64243.7970037)
(54111.6688632,24111.1904037)
(-62055.241476,52969.7972174)
(-35075.1993514,12670.1079111)
(28252.8144797,62554.4612259)
(49315.8498968,-32090.6780628)
(-12134.2020117,-43766.9407827)
(1924.67796848,-57747.3998308)
(-19166.7174892,11936.7443437)
(14614.3366928,-45707.9127242)
(6499.29407451,-18418.4796128)
(-33015.7988237,-18074.4026235)
(61321.3465459,-37302.9177509)
(23413.0483967,-12608.3373999)
(31483.7972497,-9725.83680457)
(52775.5683765,-53994.9222769)
(18034.0115122,-47536.6640002)
(1534.43285246,30491.6325167)
(-41830.9361651,18447.1440936)
(1924.87896665,-7584.18625705)
(-46992.403093,60271.0798458)
(-49233.0892294,41250.7627117)
(-62338.2630801,15533.7842819)
(44594.0895321,18550.0281339)
(-25094.154813,12289.0825325)
(8438.66119384,34757.7704459)
(-32389.0628358,27135.6959621)
(-44132.1651697,-36431.6863846)
(62100.3557775,-22603.975992)
(51932.8769085,45088.0490858)
(31939.3736757,-46513.3879268)
(57818.6740681,8081.89088298)
(-30179.2249492,-28603.9917538)
(-46581.6077928,1521.35243929)
(6356.07615173,42548.322786)
(65089.8952193,-47589.0519707)
(-48431.0904079,52449.9862215)
(56162.0327107,60537.8955117)
(57777.6744287,-24581.8983435)
(52719.2450933,25593.8123385)
(16885.6120621,-17114.8168217)
(27139.3130738,45044.606704)
(-58012.9244921,34309.503559)
(26815.2860772,4219.80688541)
(-24046.8684918,-44438.9929663)
(4777.79286208,42902.8455042)
(16291.4351162,13588.4662369)
(-27992.734737,-45839.0597713)
(-49371.1410726,41223.5170316)
(20164.1978274,61135.3368597)
(-61155.3132883,-57747.3828731)
(-34466.1735661,-60770.5700395)
(54512.6628655,28045.1040178)
(-45665.9218398,-15634.316466)
(42170.8583721,-2211.95605845)
(38488.4513592,20569.8099496)
(-47435.6865998,18310.7389371)
(18123.7401265,1398.02791881)
(55449.8998171,8277.56187678)
(16495.4745404,21390.2461084)
(-3079.29487786,-7922.83227801)
(-1850.02269593,-41032.6768471)
(-18727.6840859,-65031.2661733)
(65515.0752056,-43736.074006)
(-27772.5499695,15076.5291771)
(1879.38592237,28182.4942157)
(11212.9376925,54955.3683813)
(-26748.6914147,43738.1373891)
(64684.7813313,-30861.0214777)
(20794.3089501,-31732.6046195)
(-36942.4302654,50657.7355521)
(9268.86287449,-63881.9870767)
(54194.5140426,-7317.1185181)
(-64332.0630887,-50317.1774549)
(38154.8459811,61612.3226361)
(51358.6784199,48644.0091422)
(64977.3550565,58600.6309069)
(30615.2403024,-6827.10550968)
(30211.7620173,59637.2908624)
(39707.6357712,-51752.1016905)
(-31189.8458069,32619.846644)
(-56592.4091914,27110.5104609)
(24533.5681386,30733.1486566)
(847.434265754,-40180.3861346)
(-39071.8527186,-30524.0963034)
(-38117.9366747,-3523.4685687)
(36128.7836696,47822.5644153)
(32816.720863,-28333.9776213)
(-39346.823945,65507.5753782)
(17617.7472368,11101.6811613)
(-40205.1806921,-33397.8644165)
(-48626.8103748,60764.752889)
(44438.5807665,2239.64772465)
(8197.74370457,-54343.1877675)
(-12984.3289836,-55681.0190061)
(40752.7308112,-56178.715367)
(-52650.5449467,47368.1881734)
(-45964.4832268,-4201.05352168)
(-5399.12255959,-51380.2704514)
(-38419.2626416,57428.1739146)
(17007.6987405,39331.8713846)
(56383.1983943,-54002.1179379)
(-23637.7376221,35309.6888254)
(54530.9880444,-31898.3062651)
(53462.4338893,60412.7813448)
(-39185.7638576,-52041.4980752)
(33194.6101492,25042.8169377)
(-13709.3201319,-34132.9894299)
(-42178.2763046,867.501839415)
(39151.4559082,-3299.91110457)
(-44266.940307,-40927.2316284)
(56587.853075,54657.0829595)
(12903.0992187,-65259.165564)
(-38518.217198,42735.2237534)
(-11937.3058823,59092.2613825)
(-37743.0320063,40211.285904)
(-59490.9427018,-44192.1592808)
(37138.3214404,15781.3227036)
(16865.236319,147.914423248)
(-44701.382563,-23932.9633778)
(29435.9995873,10823.3988921)
(60159.4822563,53337.1374502)
(9936.03088199,29015.3684561)
(43871.2577261,18608.9021921)
(-35965.56296,21484.0511003)
(-5086.42277751,33854.210236)
(-56275.2371097,58631.1550797)
(33108.4057203,11974.2566952)
(5829.10483284,-20401.0287262)
(15265.4638101,-56060.4557779)
(-26433.8670552,-45781.3746703)
(-51301.7766721,4886.89150575)
(37525.5265646,2871.5097832)
(5877.3329491,31320.3356111)
(34204.4008604,-19943.3179205)
(34995.8200677,-26484.6940259)
(-29116.7607934,-12587.8984961)
(-61653.4435649,-57428.194068)
(-22351.2758551,39969.2518307)
(-37838.4210662,53590.4668469)
(8745.74186541,12835.5805612)
(25715.102545,40507.3427465)
(-40387.617887,41787.2532133)
(38027.821318,-54482.0827012)
(-54845.3566523,-46109.0129761)
(60628.8925375,-33728.4982938)
(13885.5704282,23249.5962533)
(46635.2038161,-41954.7219084)
(34254.23538,32595.8852366)
(-36100.0881774,-48537.9856598)
(-52990.0638235,6857.58255145)
(-25324.1555438,19624.0609022)
(31705.7326271,61313.8240945)
(51736.1180896,-42333.5615137)
(-61833.1177381,40755.3193982)
(60373.6411939,-17758.9897375)
(-48933.3160125,-59823.3076548)
(-49684.3177715,6729.18168591)
(36044.4344298,-55126.5987946)
(-40314.2204328,-61260.0951235)
(-23645.0622118,-31794.2412099)
(49321.1598042,32429.0116726)
(-6355.84796467,-34589.2782757)
(18617.2148333,37472.4478197)
(15980.7283336,-54507.4195651)
(-7143.76611884,-37444.7029919)
(-44012.1247031,-40901.5724505)
(50305.3536277,55612.8220558)
(-29374.632661,-7035.3002105)
(30607.6048072,58940.6064502)
(4268.12507929,42785.6427064)
(-58904.8200251,6143.32383702)
(-17508.5209224,44451.1456375)
(28004.504469,-23259.3098146)
(51918.5724455,-28554.4742885)
(34852.3372303,-5618.26831216)
(-30687.7678577,10124.7813153)
(32244.3680166,31384.3983437)
(-60437.3138189,-32887.0264592)
(-27046.4872712,34709.8109905)
(33136.6569339,-13044.4009549)
(44160.5947243,-4778.8942425)
(28301.2090742,29034.4317587)
(-21456.8447658,56287.614663)
(-62975.4710093,-20947.0003299)
(16851.5825726,-60316.7330052)
(19150.2627384,-58700.4552813)
(-64924.1217062,-51309.2627646)
(58508.5681729,-14038.4155107)
(4262.44862623,58879.6418197)
(59325.3746102,-18591.8933297)
(-37376.3092186,59059.4798536)
(39574.4016428,-65267.5782864)
(-2462.75701288,-55845.7126349)
(-22758.0528334,-13341.3810065)
(32238.7230043,1669.30408784)
(35041.2884422,10707.2781838)
(-64987.4110767,61237.3486886)
(45318.9034626,-8577.29301743)
(41281.0858715,-58832.7267561)
(-42536.2385871,40104.4359747)
(34028.0386606,20996.9830463)
(-62654.8431948,5513.57550113)
(-25318.4868509,10967.3323329)
(-62130.152238,65268.7520662)
(59563.0557243,-51853.5734147)
(-57653.6442254,-5555.91964997)
(23977.6992081,48869.1968008)
(-24575.4021048,52457.3549385)
(37724.6243784,-15361.9488517)
(-48362.5002189,51313.9963274)
(-37082.6770306,3926.60485536)
(57644.4033594,-39516.7655735)
(-12391.0899756,-35948.2655433)
(39396.5296571,-17804.9614069)
(58490.6126978,14633.1419027)
(54177.196427,47190.2352459)
(-13657.2323271,-10333.8119831)
(42125.9897416,-40968.8407056)
(-34533.655234,39679.5350494)
(-26805.577308,54920.3966613)
(35909.9920614,-5844.32023076)
(-53625.3451245,58583.2225407)
(32623.9347004,6630.98967309)
(17609.2869678,-26014.2945858)
(44599.3768459,-2607.38573058)
(-23688.8191884,-1586.22309892)
(-1613.0856771,-37847.183595)
(3616.79978183,-50787.4968137)
(-25796.9331292,19858.147835)
(30522.3954226,60728.7364481)
(-4580.33978343,-18175.9297237)
(-12105.2636179,14423.2897931)
(-4181.70613771,-54930.4703395)
(-63557.6565767,-36700.9975251)
(25792.8032668,-63278.6730989)
(-55170.0231798,46.0365708588)
(-24335.2126573,-28353.9290492)
(22886.5123294,55392.0139583)
(-21579.0767235,32215.2726443)
(-61332.5462072,26007.3922912)
(-54572.4016643,13599.5403723)
(52305.7573522,-3384.68756135)
(-58423.7808223,8118.16925175)
(-23980.641007,-33344.3563876)
(-15424.6220818,37522.1113807)
(-3272.75013945,-55740.3870698)
(57183.5785734,-55162.695865)
(30608.6476879,-61128.2187218)
(-43329.5817069,-5657.72418587)
(58637.5277594,-7771.6763763)
(60495.912924,-11794.7528721)
(56548.3542236,-33063.741402)
(5693.90161085,-11277.3689672)
(-34632.9632795,49276.4974765)
(-24017.292638,-33126.8916062)
(35151.8085916,3745.23245669)
(60481.7567965,54060.0477987)
(39180.8108913,-46191.7375724)
(-15714.5437741,42890.8287167)
(-743.019507244,-3747.08171974)
(-25412.2293596,28085.1451192)
(40955.7027126,8280.07676496)
(2173.0414949,47715.3238869)
(25136.10714,-60981.0212932)
(-35348.7521679,-17523.7237806)
(-60259.8983681,65468.1862042)
(27881.9099622,49872.3819908)
(3291.18238076,22304.0046206)
(-5935.69137275,-19674.6336806)
(-22433.874644,-25277.9356258)
(56316.5865368,25631.5414335)
(-52605.2272174,-41069.2214975)
(-56231.8069789,9338.78888163)
(-32313.547404,4761.89799806)
(29258.3288261,-16531.82609)
(5231.27175914,-59184.5073155)
(-43125.209608,-5681.19161122)
(-49299.0222601,15507.1108859)
(-17662.1529117,-64147.8228037)
(6836.67441813,2285.98293818)
(-2223.00836692,-16212.4637593)
(-24601.8643919,-37633.6325262)
(-39544.8762387,12563.2154042)
(41403.5566998,-19908.1019561)
(-65245.5577242,793.723154737)
(7456.3589703,-12775.2232163)
(-50178.7891281,-43994.1501407)
(12825.1581744,12498.2333613)
(5137.92850247,-54301.2890377)
(38150.5688911,-21294.6920284)
(-30085.0368527,-45541.7719574)
(-53513.174778,30412.6024075)
(-54999.4259464,15124.8191316)
(47290.591432,-28495.7059014)
(1104.64194493,64902.216389)
(12806.7926522,32823.6898629)
(26560.5520725,15664.42709)
(38217.4875858,-51186.3393188)
(39898.5503678,34340.8744377)
(12572.6037109,-61322.1473669)
(13234.1787027,-2752.47782486)
(-28379.2878768,-59451.8427734)
(-11275.7200304,23356.1091593)
(24965.1959956,3343.20537447)
(62535.9913825,-25189.1650524)
(60950.2214597,-13167.9778116)
(-21042.0914976,-8375.62057353)
(-23936.462401,36153.9983891)
(-52242.9800831,-62535.84576)
(35196.5694964,-17202.9546915)
(-26348.078504,31964.6799834)
(-40168.9512755,42542.3977884)
(-58793.3362298,17894.6586772)
(-37890.5078592,54398.6713208)
(-33635.2698588,-56898.4914219)
(-6759.22102312,-51585.0723962)
(-25300.1160439,-51431.2866444)
(-33717.217274,-20758.7107337)
(-57124.6852343,53639.364688)
(-39525.773803,-20113.0306489)
(45024.1569901,20061.7286119)
(-1449.19373704,36986.5591554)
(51370.5767843,-5012.46878158)
(-5046.0910778,-41621.2681903)
(-10540.8492363,-59458.6603315)
(-5870.88768577,-53090.8139508)
(-29662.1302162,-49843.5298844)
(-47560.5062175,-58098.2426631)
(-20891.9630999,28767.9530414)
(-40486.930864,-36073.0580035)
(14875.1581997,-13188.6445776)
(-62872.6732789,-7963.23453637)
(20769.2429701,32085.3763326)
(24073.0772068,48043.9355416)
(-55403.767678,11841.17783)
(39528.9579936,-31461.9798736)
(-43011.6462611,-1159.87294027)
(40031.5596318,46015.5836537)
(-9176.47529408,-63152.4292278)
(-23757.2238119,12824.554053)
(-17441.6242923,-40687.1067875)
(-16897.3851254,58859.8934821)
(60063.8938117,56891.9388859)
(-22163.1088426,-10536.9473623)
(38281.6184274,-38061.8811042)
(-4880.9982139,-44096.7840892)
(-19142.4953287,31545.6184456)
(-1061.58977535,-27383.3433478)
(-49319.4603328,-31664.4078404)
(46596.0052547,55095.4553916)
(-53400.0641164,54687.3259699)
(23587.2975612,48097.3651477)
(-23946.7596884,44304.2543805)
(33302.0355852,-2287.12724811)
(-63312.9486359,24843.1942202)
(-55672.8573917,-16993.1294855)
(-8925.55520619,-20113.9084848)
(31530.9278994,-27232.4988035)
(-26184.5096804,54001.2764284)
(45311.1827253,50895.0547592)
(62418.4392018,-40513.692309)
(13027.1492495,-12218.2744555)
(16824.8705672,-3372.08275601)
(45802.8369857,-14209.7642649)
(31819.5080444,-46635.4238626)
(-35022.6615855,6968.32786746)
(-44026.6227222,9595.4916992)
(-8472.82360042,-16724.1860568)
(-52850.8190858,36655.0973997)
(5124.48070197,33708.0871023)
(-31364.2213933,26188.9865965)
(61437.9607586,-63709.3015758)
(19384.0655333,44475.6043616)
(-47068.0516961,52016.3877502)
(17094.3106944,-27850.3538844)
(54388.6892401,-62285.3377219)
(-34412.3310896,-18164.7459847)
(-27201.4676474,28862.143781)
(-22863.6930867,-31545.9154061)
(-16119.6114443,-44446.2557568)
(65261.1521856,-38171.4066588)
(22172.4102168,-48317.5780993)
(54779.6929806,44148.779905)
(37473.3903772,-61815.8315485)
(1991.08097702,-58811.5249284)
(-56446.2164323,-2805.97187217)
(21144.4951829,-18674.7923768)
(-35410.4444103,-29812.5896775)
(59.8457621328,13641.0105646)
(-22375.4955782,1512.45675724)
(33040.4671359,-45924.0312415)
(22063.8393927,15757.3552662)
(7408.4514039,-16193.4945849)
(18906.6063112,-31063.8432493)
(-63355.6472464,-11194.3741656)
(-26428.947603,32878.2926271)
(-728.742647752,5968.7191662)
(42885.0980366,-44861.2105598)
(-57067.1673841,42545.7362244)
(-37522.347856,61452.2226322)
(38264.3396788,44499.7336389)
(14763.164049,55998.7293948)
(17042.9572665,-32933.661176)
(43534.7696405,-32530.2562025)
(57540.877344,11165.9198295)
(37075.0990605,5847.76089174)
(11371.1059426,57186.8964061)
(-17044.1161773,62616.3771497)
(58527.5290315,2590.42764594)
(32582.4012117,-8377.10072737)
(-61653.8103356,51925.0842379)
(11826.6643963,-44224.3362514)
(-27884.2003656,10296.6215626)
(13219.9965466,2622.66121873)
(13685.2238698,-3574.97372231)
(53184.8686762,-14926.6976805)
(23269.2217088,16903.1698414)
(-52194.1458045,-2073.48672189)
(-51712.7631948,-62088.8965198)
(-32695.6678322,5799.45048519)
(-5606.15838228,1052.06753311)
(-11547.8334788,-7874.23619283)
(-6566.23339555,17573.8651549)
(45456.8405968,36428.7637832)
(5508.78499794,-10233.8236654)
(48318.3456314,-22764.863743)
(32262.7712588,-52834.7943708)
(-51130.4224592,39769.28514)
(38296.7078509,-43384.8206949)
(-59209.4250202,31107.6357815)
(-29907.2073024,-4407.99957803)
(3367.92179014,-65310.4695344)
(-63474.594698,-25549.8442841)
(-29059.9890054,-63426.3675501)
(-51746.6103324,-6840.62280569)
(41023.5821524,-10833.2697668)
(-35182.8961866,-32297.5514022)
(28872.7374485,-58423.2539479)
(-39457.5272713,60510.5394142)
(-59952.4314282,-21658.2971819)
(43823.3278658,33449.0669478)
(10187.0356905,6866.41966135)
(25576.4436225,-27536.6026749)
(35694.3757824,-15434.4295725)
(59734.1433189,43948.0375628)
(-23372.5527858,-14323.8968025)
(58294.1160253,-15881.8398843)
(29259.3273528,23465.7556013)
(26567.7876364,21921.3767058)
(-46822.114334,-44990.4553965)
(-54791.4549297,7489.47263002)
(-56112.8424194,42685.152279)
(-19289.1344301,39480.2348455)
(24028.9127205,-41710.9937592)
(-42955.4384464,-39926.9735432)
(-22248.4676097,45771.8256318)
(43519.567477,20346.4659575)
(-20973.7027458,-45966.7558784)
(-59623.6229363,37322.3777003)
(-43307.5673352,52278.5776841)
(-57718.242896,14336.9861288)
(42614.7298505,22277.0055364)
(48656.3404595,-54649.8413269)
(6223.02213698,-43546.58534)
(-29885.9763724,19743.3610257)
(-62304.664997,43610.5472621)
(-65021.2066959,-47365.2003569)
(-31564.2409234,-619.544248808)
(-28835.8611676,23662.2841879)
(-63424.3164739,-17454.2991645)
(-33884.0835663,-37495.8976717)
(1139.67735965,7297.28447334)
(-23686.7122051,5633.70712665)
(56268.5553862,27142.0713057)
(-54786.6518096,25375.7208167)
(22602.4706551,-5113.81961282)
(-14884.9952809,-8085.61438335)
(34701.9564931,29349.8976629)
(-36884.3406586,19975.4375914)
(39488.8174815,-9055.33426397)
(47277.8833639,64295.8912227)
(-30202.3757887,-56648.6134964)
(4830.3226486,-54916.6681058)
(-23818.3699438,-4978.04310902)
(-52292.4386954,-36416.4900889)
(44640.1953457,-39572.6033822)
(42003.4954551,495.23351986)
(26850.9374729,17456.893775)
(-26481.3124382,-22009.5877669)
(-16467.9218741,-10734.1289632)
(-40458.3226417,6189.90901696)
(57407.8749282,-26285.6663281)
(-30300.552795,-32822.2597392)
(2609.39234199,63806.391174)
(-49936.2062022,-52476.7501213)
(-6898.74507399,-45983.8578471)
(-41131.1371118,-418.360222972)
(-55400.5330602,-38822.9888183)
(-3058.14193177,167.24277481)
(28911.7276598,-43638.8904943)
(35278.719434,12502.6450943)
(54308.1234586,-30564.698152)
(32496.4844407,43017.8682547)
(59762.9919177,41525.0329534)
(-49072.0531887,-1363.61851834)
(45865.3212552,58343.9325776)
(34595.2477301,-26309.4636625)
(45592.0425114,37475.7098786)
(-14140.5875278,-11621.4298478)
(-62833.2763576,62449.9436506)
(-29376.2589082,43507.3595168)
(57383.570267,21687.5710346)
(-65447.5222282,-29065.6620347)
(-34343.7959868,35994.5829293)
(-4457.88611541,61336.2503054)
(-64606.1683155,50291.0378945)
(-5707.53828926,-478.302440529)
(-26306.2908638,3120.04801984)
(41567.1621113,57230.2335374)
(14332.1730846,27957.1741656)
(-35118.3330941,54989.8946815)
(20169.7116365,-57827.8012396)
(36745.8389293,27788.9713882)
(-51461.2590341,30370.3612996)
(-63751.9419876,42989.7115402)
(25108.1647696,-48994.6314995)
(-62921.4485157,-19886.0037774)
(52393.0475345,-30987.7396687)
(24896.3305099,41617.7311213)
(-31979.4598123,3489.24425108)
(-29618.7811581,-40581.5687719)
(26354.7950484,59786.511617)
(45558.5787079,-28358.5070032)
(17851.5009855,-17901.8398157)
(-13027.0310309,45722.5202753)
(-35238.3435272,56245.4929259)
(32224.3272688,-19042.6088202)
(41451.030601,-5244.83206057)
(-18764.7901761,-49753.9818097)
(-48109.4247731,-59176.5252512)
(-50694.8235325,64686.4590801)
(-14075.2930877,-60814.8315114)
(5455.42145826,52270.3728161)
(38234.8625652,19719.6463931)
(-1182.67221539,23126.435627)
(-43928.6915422,2720.01754832)
(-330.080561052,60266.6318585)
(7616.4551113,26294.0717054)
(-34449.1822893,-49160.1301688)
(-2302.31549184,319.455172338)
(-28155.9054755,-60604.9461971)
(-16376.5596481,-39466.8999892)
(58836.8861267,-58754.6029639)
(59596.0666504,-49639.753817)
(63563.1461196,24654.4168285)
(-5491.50073694,-52243.6522348)
(57278.0307322,48224.6886389)
(-1722.00010966,23439.8517069)
(-22365.339365,51846.1340028)
(-16307.6525133,49601.7463174)
(63844.8335121,7845.68046601)
(-29830.2941468,54915.2135134)
(29312.0229394,29590.1460879)
(-34760.4555431,-3509.11552289)
(-3343.46658964,-30344.0928524)
(-40377.1707784,49811.0661267)
(32.9425224356,-752.636024926)
(-8077.72092163,10421.5337396)
(-15953.3407442,-19031.9258391)
(-65454.9046869,5871.7553922)
(-17696.4466497,-36019.193998)
(-10453.8114213,-20558.8107068)
(48757.7067714,39832.9669118)
(34879.559162,45086.9700019)
(-46021.5584169,-15919.7262354)
(170.12003348,58131.5765501)
(-33175.3596046,35827.7260631)
(5387.65704031,9192.61610112)
(51569.8846589,-59026.8458249)
(55823.5285761,-52965.6523619)
(32996.9939008,18101.6889247)
(-19445.0468236,19954.3472368)
(-43370.7067336,19707.3034516)
(-55213.4561974,-64377.6581567)
(-22071.4645797,59005.2139701)
(14859.1758169,32102.5453906)
(-61164.6370333,-64320.9164063)
(-40952.9147463,-63012.00134)
(-5764.16931992,5140.4711143)
(55272.1849518,29871.0533156)
(64222.6958551,33479.3823328)
(-8178.71907804,3586.40672062)
(20944.1242605,-60733.7960031)
(-33207.7765068,-61175.5233752)
(-30767.1025259,58253.1455872)
(-63645.8004903,-28264.3003852)
(-17968.2615364,18863.3625335)
(62292.0836854,11284.6735735)
(-46348.7155112,64671.8769567)
(16019.7023824,-2971.64861997)
(33394.6194966,-9532.43554263)
(-61760.0736031,-64539.4642433)
(-40709.1757148,-24794.7849883)
(-9182.55995444,-36070.3474793)
(-15293.4376013,-35120.8249669)
(54034.593929,26151.6096815)
(62197.7836833,-12274.3754858)
(-16050.0360999,-41126.1818249)
(-50878.4827023,-42712.399949)
(55322.175748,5845.16194922)
(-36412.9045635,-8963.61853749)
(21820.5655328,-37981.2084002)
(-36299.4575437,58393.6270093)
(-50301.7759793,-15058.5758113)
(-22946.2166159,-48201.4445084)
(-1181.95144516,-10915.0859826)
(-56866.8277745,-38638.2773484)
(-54460.1109431,-33612.4354444)
(-17701.5261994,6757.22968711)
(20219.5825041,29656.4086085)
(33374.4229696,-36600.5762081)
(1547.42370302,62889.8768887)
(12920.7848464,-27764.1551487)
(-38006.7577035,30732.9274127)
(-40968.9003697,58048.8264272)
(-30732.0989591,8638.51701046)
(-50353.3941129,42713.3156576)
(-29181.6561782,38078.1898453)
(1220.79348562,39088.1851256)
(34866.465911,58478.788943)
(-48328.1651671,36543.3302527)
(-63564.5085139,-14706.1646641)
(31788.9109613,-32082.0176363)
(-51896.5486219,-63018.2633012)
(16845.1101235,-26036.8329286)
(10199.375896,-45332.0271186)
(-31548.5951132,-58930.1666052)
(-61802.1814594,42169.5001734)
(36731.5605138,23183.3326634)
(-44736.9724938,-36646.3062143)
(32676.3378434,57732.3602688)
(25241.6996388,-44552.0715015)
(53313.3407155,16843.0237143)
(-22831.7333051,-15755.1344788)
(-45809.3782653,-55911.1825782)
(-33176.8811937,59992.0403999)
(23487.3933293,41983.7093992)
(36459.4537135,7834.60565774)
(-17098.0795943,-20458.1181926)
(-47779.5283957,65289.6135339)
(-30160.8546758,-31440.5417858)
(33741.8587098,-2947.88181562)
(-3380.84924893,32777.8279548)
(-27780.9343759,20503.1460518)
(10740.7435704,-11531.9037375)
(-40715.6070234,-26231.7196477)
(48175.7747208,-56559.6939307)
(30298.3958734,-42892.8456646)
(-33562.6987548,-10676.1214757)
(21779.5281734,-51716.6865418)
(62614.8318673,45080.9659712)
(62442.9219881,46314.3718985)
(-45141.3677133,-32970.6955471)
(-32584.6315696,-31442.1304061)
(63948.9990737,-17748.2359363)
(-26038.8950238,24563.6525523)
(42102.4864015,46643.3884239)
(-20151.4245316,-19085.5290418)
(-42115.3781396,40322.0933246)
(-7907.89890308,-26703.293067)
(-10676.4306074,52091.9051388)
(-22202.2003491,42006.9112484)
(-17966.7281896,-9940.28916208)
(15312.3052278,-65426.3661147)
(17655.3203981,-54101.8167318)
(596.71766522,58176.4775833)
(-32186.5027106,-6217.67746125)
(-63043.6411983,43503.1859815)
(33895.898538,-16320.4537713)
(40891.330438,16546.0048201)
(-41019.4925808,-47880.6871885)
(59444.0533169,3189.13296795)
(-35253.263335,-34087.1884947)
(-155.949369701,-15613.3827474)
(-40068.402512,7582.1324642)
(38137.3136891,-52279.021319)
(10483.7394828,-23998.745224)
(12484.9358098,9995.92298594)
(10973.4935893,-46282.6130927)
(-56651.2015726,31394.4731315)
(12763.6865299,-13856.6845285)
(-52871.9840032,-60738.0585182)
(31255.7726795,60048.1832916)
(-15911.2178939,40939.1416132)
(-24746.5539054,-50274.955954)
(-10675.795207,-22286.7629576)
(52832.413813,45738.6007959)
(17762.6315416,-3637.94224474)
(-47049.8866111,-63279.3102872)
(13986.2878773,19197.7614172)
(29391.182979,5615.30029218)
(-37244.5645791,53902.1643054)
(-1375.17468046,-43582.3381204)
(-3846.81387559,-8226.14472454)
(62663.9058978,-5017.08751686)
(43587.4486521,-2342.70894264)
